35.18605304023575 33.387181024617966
35.17654165863019 33.37483049474656
35.1924194004716 33.389621919436465
35.188173268728995 33.38152648063918
35.17850107581351 33.379087580428134
35.184821985073334 33.38482198645616
35.18831337659481 33.38782060035539
35.19050066593382 33.37869684046165
35.191788463294735 33.390473828068544
35.19134495904565 33.377152369196935
35.1944742431808 33.391343563067856
35.18638599636034 33.38307512118634
35.19194426109393 33.38791291319165
35.18751522881315 33.38691832524142
35.18115749470527 33.38525385950882
35.176868995721485 33.37498797016719
35.18582800461344 33.3773801069605
35.18380021013984 33.37582969317548
35.18064641966361 33.38625346249583
35.17953675466101 33.38137962095559
35.195437155006 33.39440822696908
35.18358599420462 33.38039383600428
35.19430981631431 33.390820240922544
35.183905296550904 33.38479540370441
35.186110362855494 33.37177094169257
35.1801963536705 33.37249766640068
35.17955252487516 33.38334940598608
35.18914504972901 33.38222900449138
35.18729683746014 33.37620299186814
35.18114169169711 33.38939899531623
35.17856429748966 33.3870011671672
35.188248907884464 33.37339480749325
35.19128351792595 33.37712416498118
35.19475605571542 33.38573885381265
35.18086823811239 33.38872537407672
35.17729430963411 33.37519258030479
35.18933608301113 33.38584492250523
35.19528616905064 33.37429525526374
35.19190707102033 33.38916837438596
35.197539295353096 33.37502783541521
35.1798644972396 33.389744471597034
35.17651825766379 33.37736408649175
35.19872071437343 33.39571877636223
35.191840363290005 33.37403645210992
35.187010111134214 33.37211548133805
35.181574716453184 33.380407861208376
35.18009563337887 33.378121895293965
35.177511604620484 33.38627573680437
35.19137386342282 33.38120092974572
35.18061639283975 33.38346474133257
35.17728340319446 33.37266091676613
35.19130885753484 33.39163888104154
35.181480940251504 33.37877209245195
35.187638789090556 33.38402710151019
35.19018572945225 33.37769449067118
35.18489247056253 33.39213675774756
35.19013020180927 33.37751776258609
35.19217272333964 33.38913121262296
35.17752581295663 33.3863177661217
35.176317263488585 33.37397381272888
35.174904770614816 33.38967570563364
35.19569597240585 33.39523196629971
35.18543072861221 33.38152427169711
35.17814005906701 33.3779309124613
35.18771419067923 33.38692473416198
35.17608671203611 33.391996448470685
35.19132033602113 33.381305608223926
35.18119941565601 33.38529983227862
35.184252818429485 33.38535994987854
35.1796812218975 33.37833778814361
35.17758172197718 33.38292280696686
35.18965092826212 33.3820742594212
35.179693174924694 33.38254893159459
35.185960972615376 33.38246233819406
35.18358542565688 33.375749262414054
35.18335213071492 33.37710649008519
35.19083677692738 33.38126340478851
35.18390888471152 33.38480547547752
35.178448359438065 33.391305734312404
35.189236642689146 33.387343460706184
35.19411764131509 33.374102924518716
35.17750384202059 33.374032439754515
35.18740303358989 33.38295418501665
35.20134808933206 33.40256805413697
35.18413368949527 33.38160368410779
35.18922201830082 33.378748504979605
35.18150964449406 33.38564004591169
35.18188891313078 33.379751264469995
35.17655081480124 33.37326349041152
35.18017100220761 33.38258248972736
35.193999518418984 33.38983265438185
35.18252486328238 33.384918323416
35.179554372533154 33.37710987612218
35.17885069462089 33.382415825856604
35.178594747215946 33.383650507642834
35.1906467878437 33.38324609332502
35.183408490959806 33.38410738738339
35.18919433479467 33.39127833816027
35.179782098929245 33.37720653903433
35.18877526423332 33.39056122754991
35.18003206570066 33.39150527063749
35.18220017611626 33.38538212101989
35.18260881982222 33.38711928256968
35.18262633731746 33.386632470345006
35.18311096993588 33.38326133540046
35.182124574687066 33.385322394952844
35.18256932927876 33.38518354030989
35.182188069485534 33.38537255663141
35.17999722761567 33.38503027142761
35.18427890474093 33.38540789416465
35.18030824091139 33.38561627473222
35.180426799123744 33.38445253942515
35.180326768625704 33.38434284059969
35.18162662632963 33.379560800051046
35.18010608028514 33.391659994252855
35.18149231702641 33.38562104367851
35.18073465591038 33.38733024336675
35.18003323257474 33.39150770992669
35.17800863347685 33.387275391468634
35.18246486829894 33.38559123112823
35.18250570353405 33.38480404533044
35.182388076650355 33.3855305647731
35.182381482635655 33.38696185118207
35.18435719390636 33.38555178258502
35.18176765831262 33.38590603812719
35.182236177764786 33.38541056276889
35.182144181728695 33.38679751990117
35.18043658601929 33.38585809930498
35.18278065939295 33.38723828176412
35.181955060068034 33.38666655283012
35.181615149128504 33.385755747969625
35.181036398599865 33.39360477600218
35.18259708467827 33.38711115596258
35.180549388147405 33.38458697714338
35.182299044575934 33.38357143049169
35.18302627517349 33.38500478772654
35.18197131125916 33.381166745608176
35.18213436982003 33.38533013322941
35.1825003492244 33.38652588591783
35.18171599644177 33.38586233279934
35.18321850791053 33.383458980492435
35.182680189254214 33.38246959938602
35.18052857829357 33.38603142879755
35.18207826949146 33.386168811487494
35.181365693921435 33.38548218196969
35.18072465495691 33.39295309223148
35.18247651953693 33.386505726285854
35.18029356046815 33.38430642274763
35.18225185514302 33.38631566288264
35.182195473232795 33.3853784056836
35.20372368465902 33.46658833718052
35.244946403968925 33.36171610396893
35.25357723344261 33.317030733442614
35.16616524245913 33.39378567977544
35.09867824823859 33.465521580570474
35.27987030163235 33.34332380163235
35.14124082214008 33.428077365942535
35.16215383888935 33.434467086899815
35.109519292001565 33.44024828998817
35.249792230415174 33.30378150427081
35.21204552935095 33.37890104727947
35.09503889412862 33.37071576553897
35.1670629737675 33.46874956456736
35.26150156384533 33.50272056384532
35.252465826232516 33.47864371670598
35.26728097894216 33.32135622939221
35.20997304315901 33.3631437747847
35.29038374730512 33.46471281396975
35.197209732388835 33.429103694739354
35.30637012592812 33.41923942592812
35.21867391679866 33.448075125460385
35.149348032385944 33.32529960776471
35.12355139112196 33.40144531560268
35.21832969795572 33.46417746415591
35.12837549164908 33.36443091957964
35.1786687099912 33.4632239099912
35.1996255864919 33.465264908167164
35.218483166505564 33.38382163528354
35.289367091634816 33.402236391634816
35.18304146141292 33.41400325289762
35.10809632676863 33.304727801933296
35.218831839461025 33.34650336464209
35.147807133359436 33.31574582958666
35.229763988893055 33.41890361629944
35.22925872614189 33.33595109964288
35.107839432462136 33.42534023965308
35.283915533672996 33.28532928610726
35.124612144360526 33.33137230498999
35.20708555145674 33.43531952425679
35.27028525210334 33.32694710295865
35.23030576419193 33.45571390699114
35.238106536336744 33.37667571487013
35.19824078636308 33.317064745068
35.09033093328794 33.29706592940076
35.18747341397501 33.36926533703339
35.22414530965025 33.417597046956736
35.23497352372026 33.347842823720256
35.23201992001186 33.51657512001186
35.20835790447259 33.34315254581763
35.11838412372697 33.436450829479654
35.24561407581916 33.459261275819166
35.179320597337714 33.40027025807883
35.12528525231789 33.408056942120744
35.13131008596057 33.31976574257006
35.29890350685957 33.48969930685956
35.25657068052086 33.32936727684121
35.23217221049857 33.34475556220027
35.16411970401622 33.44819551950193
35.20505398183294 33.30912960312871
35.17326781763791 33.33985099766676
35.133696611876495 33.34872328481261
35.2569305127456 33.4882706127456
35.10416094976742 33.47007314366701
35.101990585545636 33.31005270630738
35.1390346981186 33.36084474855491
35.162110216591806 33.3905769895778
35.10397388754449 33.400054477606325
35.24338912353826 33.29037456712004
35.132118374111 33.36739496423202
35.24185505761205 33.398135757612046
35.1504985945938 33.285929545245494
35.217278707866654 33.42128370634026
35.26958680293234 33.45651008293735
35.168686185543926 33.436871071000674
35.2793952233284 33.43170603926303
35.22535490300935 33.38039319929205
35.105690101185985 33.29248033992069
35.15315060165427 33.40532583122057
35.251077805679124 33.42111974678478
35.188280208134415 33.3910124722564
35.22228747453153 33.28795890856796
35.2418331857803 33.29129687607377
35.289615287027175 33.402484587027175
35.101685096542674 33.36496940333075
35.23569380639204 33.46476069972662
35.23443733392704 33.37582758773392
35.156914275611655 33.22956357561166
35.23766868951567 33.301122189515674
35.22847229375126 33.31925165087494
35.198363917248926 33.393743702925484
35.182505859704584 33.382683850492015
35.10292363312079 33.31118100771445
35.19698100466588 33.32005943620581
35.20656909661111 33.467507227011545
35.14321240776518 33.327309852759925
35.25919728022053 33.38019316982787
35.26875443982477 33.41599870989631
35.109662368921036 33.29405010179924
35.10717756172228 33.42699960504513
35.158040661460056 33.34631872242509
35.226495884194094 33.326866099928836
35.14064198574983 33.323950613594874
35.137517151204285 33.35340850846422
35.105242296461434 33.419706896461435
35.31342524708273 33.50422104708273
35.21541161157113 33.37178451539544
35.19152324451974 33.34729307991547
35.20283695534457 33.469123472675086
35.1004721762151 33.33245390327463
35.21562890763003 33.310426809132
35.261100380835934 33.32754239301454
35.090831319732544 33.37948729384764
35.26619475592577 33.328124186710404
35.26057805281689 33.308381437075205
35.27062001617351 33.31563511617351
35.26823692660672 33.3857765423557
35.208143599475555 33.40554166731143
35.469450583018954 33.66024638301895
35.26399750686471 33.40983343929919
35.137512781626185 33.42049936290098
35.23138070015294 33.342261044847646
35.225796363972655 33.28530896397265
35.274590676586506 33.334103276586504
35.2077953906599 33.336247302030564
35.19829413310245 33.379870543078106
35.16649071898667 33.37770229158193
35.242453914502484 33.37744283958292
35.13140803344499 33.366522481040406
35.25751407362371 33.374283773623716
35.204426793000756 33.41807399300075
35.213630028719116 33.389994825655165
35.19088917185675 33.31020753814265
35.3221949039387 33.48734026560397
35.14789293883633 33.401033547961305
35.18345860277824 33.26335674682605
35.24401477281141 33.32681969939821
35.156158594495956 33.37281534982039
35.28011603606548 33.319572088174155
35.20145172621352 33.30474527915172
35.25914023834802 33.4061328824877
35.15802749592456 33.373548519571955
35.143181513247626 33.38636737483274
35.27979798128266 33.2846657619626
35.07153875543688 33.45979421504678
35.204506216054945 33.41815341605494
35.11745087255435 33.36832617704842
35.280782521848664 33.305446265485834
35.13001983469835 33.32817567326006
35.086605669373505 33.39331618775686
35.26749204602511 33.423772746025115
35.27519220595981 33.306563215119795
35.29237607799358 33.35582957799358
35.16483639207577 33.45320044257
35.09021572311277 33.36906886726594
35.12220349961963 33.44117812459113
35.1486618866254 33.43849482756713
35.202457510868506 33.466424933130696
35.186304595043865 33.36173879852571
35.10881681675793 33.431730517874335
35.27457653369952 33.36534030349172
35.220152166234044 33.43379936623404
35.13311568878406 33.3105664070189
35.263069134624686 33.40074971887527
35.18159023775921 33.37952783873833
35.16364651222406 33.444891029515404
35.11905961573699 33.28516078448479
35.11251719720147 33.417304163034366
35.10611152568 33.313530687491195
35.25061143989252 33.32514440746258
35.228321562618426 33.38460226261843
35.149301620635065 33.348455474248674
35.277595747136075 33.41737031503946
35.085283102495254 33.428826643870465
35.22753651296121 33.451064195465804
35.468146636072476 33.65894243607247
35.131899652018 33.32389373449221
35.116647798255876 33.420289333984684
35.2365781911917 33.29445739469918
35.26962668952072 33.45691956811289
35.17431159012916 33.387958790129154
35.17455954702541 33.3629407233848
35.2672927095237 33.432958375953255
35.085029705392365 33.42872723848284
35.144207576324185 33.307705071928936
35.19846509074346 33.30194061202861
35.27281873325154 33.39959433325154
35.27796586453884 33.341419364538844
35.16271498346118 33.29327331297322
35.275585287925736 33.296574629777304
35.11004895638996 33.30918024859976
35.16936529938998 33.43718241708449
35.21030820791172 33.376173485306026
35.08750237575064 33.278298175750635
35.08606763806145 33.3913603440576
35.22065789487657 33.5063335083991
35.273767526330175 33.35425560678337
35.08236071845108 33.39682531845108
35.13666268820806 33.32150366516946
35.186690718180046 33.40673094040122
35.15930943085362 33.312413261007215
35.16568587045562 33.45913269424147
35.135614399525785 33.431912255384226
35.22674231884419 33.38302301884419
35.0865731355779 33.36782508571624
35.194381107783514 33.35763732751549
35.28538606866762 33.40285108415025
35.095382197058534 33.46278530451448
35.22236072815019 33.37396757469073
35.115387720662405 33.366370555535426
35.14793064449442 33.29374101727575
35.198293929809196 33.36784453644922
35.21184515738006 33.28365922144627
35.25273045440501 33.437929818501196
35.16264724028168 33.3685025397286
35.26456453216676 33.50578353216676
35.1885374536241 33.41702491628651
35.282908769461876 33.38428629528856
35.23035455940957 33.304799744249124
35.19424726713548 33.47880246713548
35.27936846454181 33.431492862458185
35.2767170480211 33.310135177860644
35.21118635978966 33.44188744924987
35.21688518276566 33.470838676665615
35.20234854293791 33.46564997318705
35.15019546282232 33.412265855577814
35.185072862461325 33.36702974877488
35.1742900392469 33.34957333661226
35.15076341285304 33.40155460497346
35.10765936340723 33.34918878051609
35.17000649115579 33.422535343178055
35.274672291105325 33.51589129110532
35.17058543674242 33.54855603674242
35.131145334507 33.418466220498935
35.137414512980044 33.32821031298004
35.09526197339788 33.29337054365203
35.13648713077538 33.30715277145586
35.089344247905366 33.30672927192165
35.114356556448215 33.28697169173971
35.123233135981955 33.38917193114437
35.23479560836121 33.46325258024303
35.20247574007565 33.42116484288971
35.177668819985705 33.401968843545
35.19842373590339 33.43964273590339
35.100500987475854 33.34413648909274
35.16885485150731 33.28246607655061
35.09736700432546 33.46704958751612
35.23032799634423 33.40226822189359
35.14903057281142 33.29719494670661
35.16224983417553 33.43513746087333
35.13136339498756 33.33022388656901
35.147743612548865 33.334324671998424
35.14118016603221 33.350627382157825
35.321578471625266 33.48690179389045
35.23423935342761 33.46027069318418
35.10015511317647 33.32933119497557
35.27598461988262 33.46678041988262
35.27361834054119 33.38778306407312
35.24755508251712 33.40383578251711
35.272962242880496 33.35817265514057
35.19834073739978 33.415477353044835
35.202292354795404 33.46525037341941
35.21851978681421 33.29891331298814
35.17248465151022 33.34869386505432
35.256035295668575 33.440280570368266
35.30713027498786 33.41999957498786
35.28262308258831 33.38320895983503
35.118056043050494 33.36269480065411
35.214746882571895 33.486576538737246
35.129260053280234 33.35686413058032
35.12217514542265 33.388244923462224
35.261573268278916 33.40798650977892
34.94797868906007 33.13877448906007
35.122851706606404 33.40658537811129
35.101623390655966 33.29208929910837
35.197034931442225 33.4101202312253
35.25596508994116 33.30300404039832
35.12686460240044 33.354876704098636
35.28305026517257 33.460824330534244
35.08390186868825 33.362835640277915
35.208953635635595 33.32893126144608
35.210513117995234 33.314703655801935
35.10273921146505 33.39029938239898
35.22973809144464 33.396250124404055
35.26746952808852 33.33378433077041
35.236807930673706 33.29476676968096
35.13274278482434 33.419065496442265
35.23913808692654 33.48060822645557
35.27268194097623 33.42896264097623
35.05001178271808 33.453747107250734
35.011992213153384 33.20278801315338
35.24997186545093 33.42702459666477
35.24036982124074 33.47768410588206
35.124708621076216 33.35597880093622
35.20951572209839 33.414573029396884
35.18868845005099 33.34241971593349
35.17206495920099 33.33678487615583
35.163908204667344 33.44671853386503
35.17226601875083 33.31442804920524
35.20985703807819 33.3494269594624
35.139754185554274 33.36118095039765
35.21468522458641 33.29071832165351
35.20883479843221 33.328699346110604
35.20603431867238 33.30834593565323
35.11724771223836 33.337464058230985
35.211115906566654 33.35931936053156
35.15131557115145 33.412846488667796
35.12631478338175 33.432186403880735
35.14585392147855 33.4287506750934
35.04797048108719 33.23876628108719
35.28223203860913 33.438512738609134
35.26958309856573 33.456472053031256
35.15652326124406 33.33042383135551
35.27707941456408 33.37581348357173
35.17624096826638 33.33844541186538
35.283530459128514 33.321527746376766
35.20469993190557 33.36861900803906
35.24556520582402 32.99280457952854
35.21005171669285 33.42369891669286
35.19707132843773 33.42811939121483
35.11563470813444 33.433047839238526
35.17102849004996 33.49644237129771
35.201116621587225 33.313545781258696
35.154753305807816 33.31347446296682
35.250795801253034 33.32806620702712
35.11117535622385 33.425639956223854
35.192934942304966 33.37161426200085
35.26899591592442 33.4166463913744
35.27730384458765 33.415044841408715
35.13572621097256 33.33231045125037
35.20648765413348 33.29124574793163
35.087607373819445 33.3309852212599
35.221773669008 33.37627127688582
35.26164802664635 33.44427293695205
35.099439560641855 33.343404767662825
35.22815853818906 33.44180573818905
35.16221662990457 33.43490558199731
35.2181720462441 33.29084631795545
35.26887564954809 33.44920921364257
35.10328302811625 33.40657207061315
35.14240261048372 33.42533653206313
35.17615823650326 33.46071343650326
35.2202195359336 33.376480770414325
35.23324840860933 33.34814729912064
35.21527223294783 33.43634063379991
35.246851768220644 33.39677079314133
35.17172080052687 33.33655853044115
35.18175722498912 33.326280248464826
35.27094042757978 33.41512297032994
35.19840582664769 33.4376100978099
35.12426349973164 33.41542027421888
35.15888563699631 33.41677060083493
35.26907958562851 33.45130286980816
35.2285617737033 33.452785659606036
34.85838546736273 33.04918126736273
35.180040935997546 33.375451626105516
35.18442627209273 33.411594740947926
35.29981708897576 33.36327058897576
35.1666781728159 33.380325372815896
35.21949902968956 33.33913477712017
35.26855955336363 33.44596409524974
35.13407701468518 33.33305578735014
35.26034427871671 33.4070501922416
35.19243476562733 33.40608196562733
35.22077685714941 33.29759480078295
35.27507050728392 33.418783269191216
35.2283708415173 33.2918243415173
35.14751399807028 33.41109520468772
35.14680434678055 33.353188643527375
35.16989926977715 33.42247976258931
35.23417581252093 33.351070097493576
35.21177271778289 33.28327445170188
35.13745873732708 33.34458651485465
35.11635324627264 33.36403624671552
35.27461206629638 33.384069818587236
35.251821586220714 33.296836686220715
35.11454009340687 33.42572216787112
35.179138570625675 33.40827986306104
35.152151211352205 33.41327966137016
35.12603702936641 33.27946222165003
35.11083003755598 33.42860252496221
35.236489053830454 33.41960286325146
35.28659686007351 33.2827213786059
35.210056590551204 33.44007799145148
35.16773192129841 33.436433579647066
35.23481960077163 33.35353771983708
35.22482372326392 33.286036129640635
35.236851939592036 33.46166481693029
35.26830294139362 33.41478771149249
35.101848409045296 33.411428713208466
35.236330043963896 33.520885243963896
35.16082721371101 33.300708755071135
35.20656411037663 33.41691389399029
35.26146811071382 33.37433741071382
34.890126246727974 33.08092204672797
35.28593796994147 33.406068060071775
35.196653617623674 33.3419387458679
35.14539879448574 33.36150234374311
35.26474361530679 33.284784991051566
35.21882867254557 33.36743827778949
35.28362972124525 33.45990863788252
35.15869459647264 33.29647954320247
35.35225232653631 33.543048126536306
35.125260872662246 33.34753378252833
35.20329996055091 33.347626947605704
35.22533162635992 33.38037546575246
35.15284279364478 33.362665257933116
35.20094623841785 33.33503165089389
35.242007684614144 33.292258870778966
35.15986341283664 33.3943425501936
35.13397451576 33.3609180746157
35.211444781530695 33.36465108697601
35.0862149567666 33.38088629890654
35.131924878448096 33.29867117023006
35.22673328291139 33.327614283730924
35.139081207083215 33.29674794209248
35.19911974253634 33.36279573485332
35.12408428358614 33.40347736174095
35.27393323756214 33.378335804392734
35.096178710756504 33.46344654465942
35.19815055960844 33.435794685428846
35.16231019649899 33.324236876763486
35.14329197638296 33.381191680671215
35.10782946709026 33.38546943446348
35.12422798602005 33.32279195347795
35.21577104851822 33.313651622747365
35.21135999634446 33.30344200617502
35.25501734211266 33.29497464117785
35.271677582700725 33.33134930439092
35.26827123235991 33.33734399562834
35.107842655845964 33.42416201017101
35.10904201275327 33.43320288147864
35.22740230475282 33.2945424929024
35.27230492329788 33.38855394747968
35.080172451487456 33.27096825148745
35.213643842773635 33.30566368587961
35.1359747760613 33.385088948376946
35.14792692003024 33.3675450029274
35.166921056988436 33.46775850220509
35.28119673130067 33.512536831300665
35.27820888010997 33.37707021143749
35.105812206830535 33.48378280683053
35.231683696097654 33.40721504846208
35.18169359984373 33.32916229215019
35.106340284053445 33.328650299837065
35.22666831068037 33.36150876917041
35.11206947009189 33.42281187482471
35.214715242248325 33.432028476293794
35.092490632211074 33.427972231454085
35.19809792228114 33.407430027673314
35.120267140336686 33.388921683587114
35.166672482413176 33.271799700332956
35.140338065474396 33.42329422061544
35.23213838335659 33.375287354642545
35.203376299431426 33.295651540025446
35.128953061476864 33.303431146760154
35.189258607007666 33.316433018902515
35.24599535091524 33.305507950915235
35.1225104815693 33.29744083214725
35.20421851784099 33.30621996571754
35.26181914360868 33.28433076679511
35.33633465904585 33.52713045904585
35.2162860484763 33.284506482430665
35.14476572696315 33.40945123111008
35.21535872240294 33.40638167722653
35.19979437257391 33.41344157257391
35.098735143210185 33.2898618721115
35.117411347878765 33.40438206934263
35.27839011848647 33.423698761427886
35.27993055588286 33.4359708247053
35.16042884193755 33.30365497451197
35.23155845378386 33.29626365192562
35.20759678143949 33.467839104839506
35.17635548898347 33.368414424299914
35.09007620140846 33.42623165443722
35.18174357364777 33.38863162426146
35.16650199979237 33.36241211928426
35.16088622864594 33.425614851029465
35.244376907936754 33.357246207936754
35.13594303718736 33.37542352856248
35.09250410179021 33.38137409717359
35.155588931316494 33.41506168004946
35.0472941457327 33.444920845732696
35.11070975428721 33.40495986449881
35.129266997217826 33.36778870225161
35.20404170898979 33.312838031550605
35.121748180984206 33.291563224345715
35.27518779188913 33.3680543644919
35.194675831438985 33.35023503143899
35.24517799138817 33.3011270819262
35.194217400979674 33.38438294072972
35.205542828906005 33.30572527835674
35.13743430285382 33.45189890285382
35.202751402852606 33.46851503903785
35.15971354003253 33.44407048406998
35.130862320289474 33.37741762523539
35.11613749505675 33.41383057155591
35.11638154848877 33.30492130057741
35.12826290970515 33.45471174862
35.18167906236121 33.39459291188248
35.10484679619445 33.41931139619445
35.26006653977282 33.30969198185439
35.15641222345977 33.35152749885537
35.223847479428066 33.46779929854908
35.2044040388421 33.466808048965966
35.13554616811082 33.4185539283004
35.133973485869156 33.43108439998891
35.14126452151445 33.4280999283132
35.17277564817435 33.35463171037702
35.149204205727685 33.41175201539392
35.1207055477207 33.4454859402837
35.25878403167945 33.421921011172934
35.14066567328317 33.30742367771178
35.15997968741866 33.35077548741866
35.1786719148924 33.36502396539977
35.09921069989036 33.37445859074867
35.21063165971814 33.411148463617785
35.17840313124495 33.46295833124495
35.11730479914561 33.33774556268889
35.08835862253809 33.292298190084296
35.34444852110062 33.53524432110061
35.09397077258882 33.40318410433644
35.260243438925365 33.48316139891561
35.13121006149589 33.44567466149589
35.29053694874295 33.3220969922445
35.20964114278215 33.367468477833164
35.277566063637934 33.31212400819707
35.0839743114615 33.36310000935952
35.247345016092844 33.29193950147343
35.10309263777505 33.39077688861216
35.14762928860006 33.343644513152825
35.224114138558534 33.285091910398876
35.271137757152395 33.391624700286364
35.30256742689241 33.493363226892406
35.191230290366384 33.475785490366384
35.23461021379614 33.32638385576401
35.210071825265175 33.3576189048162
35.221251858886404 33.4525919588864
35.09967542327429 33.412033614095
35.21352303705077 33.29665441791233
35.121713215698705 33.379320596211585
35.1326311603583 33.31498535250941
35.13596816879835 33.38501957680192
35.25746865297834 33.40485936907075
35.48392094204014 33.67471674204014
35.26338448126176 33.409366399838056
35.29283998141686 33.35629348141686
35.17806545301548 33.368861253015474
35.167051968415606 33.273654446389514
35.23610642458258 33.29590850319882
35.19881186171663 33.37440478729146
35.16885072246136 33.35900947477282
35.28092298241488 33.46998315428538
35.144552361320784 33.35793271232336
35.09369714445919 33.40308938777952
35.117961821110924 33.442136478410475
35.26976289188527 33.343967146061615
35.205938922872335 33.41315467388017
35.08634611140653 33.37764157862207
35.21434125489591 33.348256423274144
35.29207673629202 33.35553023629202
35.2485151249004 33.3119686249004
35.212522290308215 33.39390940135848
35.16035797152754 33.417533818218566
35.28095742622786 33.43723812622786
34.99518022965069 33.18597602965069
35.19939864633074 33.29027170009295
35.22930526211946 33.51386046211946
35.10735340827773 33.42006830697286
35.1966383801264 33.372914666314
35.102070473713574 33.35071571952185
35.140988755496544 33.355497890694394
35.18459693070633 33.336602803819055
35.14543582854246 33.43207111227115
35.18553603749916 33.351999482410825
35.164552607108064 33.38248360864782
35.16508343179685 33.45492562102429
35.105690318519166 33.47134277659064
35.16421830309791 33.35501410309791
35.147627528292674 33.40081687046166
35.21954912956535 33.38194359070245
35.2725592398386 33.35348406834592
35.28316097307027 33.46170629712956
35.11055465322434 33.35944767962646
35.08128590324366 33.41893991199712
35.23684943527189 33.46530881179528
35.250323468898294 33.427821387782814
35.237801616068 33.465403404690896
35.21392232251238 33.422631409200065
35.19827194503739 33.33534933339467
35.15677049203825 33.44258569043025
35.21331837182546 33.46968682014805
35.030325105413596 33.4482169539235
35.26498605304617 33.44664729359006
35.28238476806087 33.308181286637634
35.13823981975842 33.39454814307949
35.188122471403695 33.381488375317254
35.24511159126416 33.42049940225523
35.248625477973455 33.423973461667245
35.21243481674731 33.43224693706817
35.259829469539056 33.30325473665638
35.11908513246336 33.29216721451602
35.17563533896568 33.40993141141886
35.224101623661596 33.28507525726866
35.17405406086419 33.349491526378316
35.26655803558718 33.28204265027097
35.23007048520802 33.298477707674124
35.157616604350075 33.33556090041626
35.19830464549757 33.33543324819864
35.24464407022684 33.37782930759121
35.26253953241936 33.40872266742274
35.12327955429543 33.44326806461914
35.1927409843839 33.4772961843839
35.20085694852952 33.29830227526484
35.27543224043924 33.36913974590303
35.23255316290673 33.44620036290674
35.16100117326069 33.53897177326069
35.22907176014248 33.3886493574989
35.265526561691615 33.45632236169161
35.188292575548104 33.30887045865985
35.1813177449228 33.31735865459575
35.25898539821141 33.40601491603798
35.23219549892973 33.408911215171905
35.14856538824379 33.309096820788646
35.25204842504843 33.48058625658515
35.216337530401056 33.36862537140411
35.13625519186881 33.36322637952622
35.20052298825851 33.45266696301423
35.24590847975966 33.36267817975966
35.18131463727681 33.3328384990343
35.01087087662859 33.201666676628584
35.188459047510186 33.36805252458953
35.08920688238306 33.40676354529355
35.09654600377015 33.41213901865833
35.206069298076194 33.41311514045452
35.20193670059301 33.404308608082566
35.13505396938926 33.43162951344327
35.27095703239081 33.39436859615311
35.16136476320946 33.397388474734825
35.14563042134202 33.31861651521237
35.24845484898583 33.40473554898583
35.157357957897844 33.38162225834205
35.20147959082634 33.45947014508794
35.105360229036044 33.34565363556025
35.09350095350819 33.39130369275006
35.146654389536266 33.3954079726208
35.20495979026623 33.344721599498776
35.176600535311 33.390247735311
35.17192258973548 33.38556978973548
35.17400113285972 33.3224864237126
35.27590688270876 33.37124721553641
35.18229106269017 33.38320166049794
35.266479495569946 33.383249195569945
35.21893645287598 33.341505193074674
35.224592589306056 33.37869873231542
35.278820358327465 33.32048044658864
35.18154081524672 33.46609601524672
35.13537073924684 33.3570362826578
35.281020812333686 33.38664017162913
35.28540742147874 33.402975547496304
35.136231753332716 33.45069635333272
35.2647749311485 33.42254392236154
35.26211067779278 33.398178968650015
35.2233106193762 33.327299060487995
35.25823293659531 33.414513636595316
35.220370159480176 33.41491176176358
35.27359502133037 33.320424438040924
35.22428558369722 33.35893484851744
35.10710409339084 33.31143784158816
35.14179501238929 33.32314809969684
35.26599733302815 33.329450833028154
35.25180296576007 33.293703047495896
35.13534384035071 33.4224632983793
35.31317550160341 33.48092471484415
35.1643952551222 33.403730483911204
35.28365943712621 33.392786725981125
35.15812239194932 33.348918191949316
35.210302637391365 33.318692153651654
35.12037417455708 33.38932983061269
35.11902268297146 33.37615489377679
35.265481113289184 33.42176181328919
35.27948960422623 33.30323926570144
35.175696387093716 33.460251587093715
35.24376967936849 33.47070048341355
34.88638550563003 33.07718130563003
35.149562587945695 33.40203195828769
35.14230858185418 33.38412243390279
35.11926403620626 33.42994826404268
35.24938143758363 33.4256865902145
35.27375936010128 33.36171195293367
35.20148958055664 33.459541190218275
35.282134315754 33.4535273191465
35.17171259943905 33.35506073138153
35.27041029995581 33.42060277368513
35.222641889550665 33.378326263853
35.28042788037072 33.43993281472107
35.17693868511722 33.291779042740146
35.2636182516931 33.419898951693106
35.184207690815 33.385453283995524
35.23355992192941 33.29444358265533
35.20223111270116 33.284529363837805
35.42028985915211 33.61108565915211
35.11011177774872 33.39441091655202
35.13005870719551 33.30020742029459
35.13393859026032 33.43106679484685
35.153172192464844 33.44077031659643
35.27167702318297 33.31860824505746
35.27559194113011 33.33904544113011
35.11223268257373 33.45540969446605
35.268748496277155 33.44790382800838
35.18407301802705 33.37713901415527
35.10602846492116 33.47162349489648
35.085248275773125 33.43176830800945
35.20643543755196 33.467464063507514
35.231568500327185 33.29994974729362
35.229471891185426 33.29209187090205
35.22945124711579 33.47817750569366
35.20696735609618 33.3175222735208
35.32061229375512 33.511408093755115
35.21872282658441 33.50327802658441
35.261646153139914 33.30629592930609
35.21826344746664 33.41357150639367
35.277543813802446 33.41695658244765
35.17889557441825 33.29520023638235
35.16898424945243 33.3815269101301
35.169922618118946 33.40066472671734
35.227161276618766 33.36248067433927
35.202491383422604 33.46666582852507
35.269169109924846 33.3170671124758
35.09931254376722 33.35711325176086
35.1363336972028 33.36197829280677
35.15256788278923 33.362135842265495
35.26519818903948 33.317991600372
35.282298687733494 33.45483680652852
35.17300789399782 33.399134513307615
35.204783927325856 33.33824666998123
35.234947767586625 33.375947535138366
35.15604349088461 33.401071239690914
35.12632124080772 33.30553662282697
35.08928180463455 33.40374640463455
35.200000577846325 33.44895167594432
35.19039657513255 33.335849956245994
35.12725710512568 33.307003613597615
35.15598298553128 33.44218838645998
35.266106286630524 33.408895896087685
35.176320113576026 33.369286099554564
35.265630880788045 33.31964484160265
35.35837001058022 33.47616794036548
35.20457628659857 33.4086014364459
35.21230535987154 33.380720235263134
35.204117441789464 33.41936261682097
35.27154483882603 33.330210368905085
35.065687426639066 33.46331412663906
35.120765826218566 33.35902538062243
35.139996355828586 33.321561132184705
35.221266136311705 33.47876800010362
35.274911397063796 33.41840595781701
35.18429887354189 33.357706974725474
35.1225893037191 33.39777664673787
35.18347223974516 33.34437363740146
35.11024421402357 33.33546338640046
35.170279417983416 33.35133007978907
35.13759150613098 33.30100130828805
35.091080929741395 33.43331723335012
35.13580442242834 33.418809401417576
35.10275402929172 33.405499030047665
35.15121094511705 33.40314231403681
35.23426539663364 33.447912596633635
35.19912145878251 33.39672753865675
35.18909527798036 33.31655563503519
35.26158274656324 33.32976907193962
35.14570186782756 33.37325485554142
35.26122826305635 33.32690341109296
35.17100641028781 33.496288179373494
35.2396317351649 33.465985997803905
35.270153885747426 33.46233188960241
35.21528383006631 33.34868534939725
35.28806554910395 33.35151904910395
35.13583304266415 33.38360084822702
35.283539222958844 33.39640852295884
35.229636808994854 33.336765012131295
35.27121435210592 33.3504118066734
35.098254829573676 33.4139447046461
35.20014056514378 33.42074644757482
35.11365090008363 33.39727849296338
35.19936760311102 33.444450075679875
35.29061056201938 33.41738616201938
35.23620116728415 33.29430616771972
35.123157537252524 33.37095993043937
35.1187183676421 33.29242309876405
35.214666829046024 33.290562514603536
35.10826124210207 33.439341354598355
35.26330728552673 33.419587985526725
35.093716059419364 33.42202219827869
35.157603912003275 33.296641773623804
35.16820438707569 33.31350628669919
35.256940456278855 33.3281880208778
35.212906745043846 33.384930797888785
35.152155553255 33.319796728553705
35.277349959582864 33.41541222157014
35.08863504152071 33.34763746140498
35.250584550582765 33.32788133722647
35.281199366560955 33.44607894397389
35.20849162246496 33.33219404336846
35.13849687846781 33.42147286177662
35.13884146682798 33.343652819160226
35.18120445538254 33.31124319784987
35.10584675233626 33.40312063171957
35.25646578515668 33.36933508515668
35.12522468034969 33.45100276633585
35.10476847474097 33.34756374816139
35.12295263916475 33.44822912434972
35.272461058870384 33.39147551652856
35.20677965980936 33.336098607912156
35.171677687342125 33.50097597899493
35.14413642704681 33.29653441488872
35.17309682485494 33.30319881316818
35.28992540062557 33.321053084620544
35.1242958731164 33.44986890540219
35.18241117874735 33.41365672728732
35.27169449568752 33.421120521296565
35.24982514533565 33.42669210480336
35.26771020008024 33.430088084790476
35.15123876999108 33.40316105724938
35.16710748784975 33.301247783279
35.106236834342205 33.412743872805194
35.271546840169336 33.41558497160311
35.230534869900374 33.40340772144258
35.12893272611322 33.354204607770406
35.25564549934826 33.421594678388516
35.252524779720865 33.365394079720865
35.136445648353714 33.35984167458586
35.10756416541224 33.324481228939895
35.13385226575408 33.29805475280473
35.2065476248084 33.420788735763146
35.102493702954106 33.35288627815173
35.1682521872142 33.37414266669487
35.16762710719574 33.302984144489315
35.10634676183937 33.29587924934047
35.0909597399645 33.43271868039774
35.21743103381026 33.43008393536609
35.085923579704534 33.28232543011504
35.215890082154 33.42398683054944
35.22434039933 33.4500142992603
35.261173980916546 33.42216950910345
35.28610330789787 33.38866091091767
35.22700153946773 33.29045503946773
35.02874155252511 33.4477721205908
35.18870860149533 33.40235580149533
35.03067811815356 33.221473918153556
35.14534325474207 33.43682054854668
35.15395663716682 33.3697924814778
35.28427738955428 33.311411976014455
35.14666491214717 33.32367429878334
35.15344230455987 33.348711283409756
35.28347503189668 33.464208281176155
35.27829125862121 33.30119369957563
35.10676753073138 33.29756333073138
35.28342858329293 33.46383824328586
35.229659306835806 33.4204551068358
35.10453738958557 33.29998441914616
35.18067821431738 33.379470708034404
35.15618204844044 33.35464232780706
35.300157296345326 33.36361079634533
35.174116063198895 33.392414979143695
35.264546018353805 33.40471098145164
35.13019655887475 33.3595908591026
35.10470620755749 33.424457172967216
35.161975199711755 33.43321957715147
35.23386112031102 33.29337372031102
35.13873662892501 33.36601910294219
35.25126708529027 33.29349105544988
35.242192940317466 33.299409878674375
35.19984580931218 33.342471800167836
35.284312492990125 33.49176555966598
35.21870281489386 33.333963338158
35.16237655053522 33.33231256860044
35.26061300175005 33.32742968891017
35.26123851835337 33.326939918545
35.23319768318347 33.34840830216298
35.11983070795822 33.33287676870632
35.26076591630837 33.422127080080664
35.248705399653794 33.489924399653795
35.15157966268244 33.32800447958
35.126403615061385 33.4524419756411
35.13851096310514 33.43337359722713
35.16306784418653 33.44084995617641
35.27429159032254 33.378166580381404
35.24030535731488 33.475363848899306
35.0909297191073 33.43257040821531
35.214165071065175 33.332205803573736
35.11296672415456 33.32652227116905
35.23012760451407 33.41894142368377
35.26906713552327 33.425347835523276
35.142664326606806 33.321177156559024
35.16362829117304 33.363509986661015
35.152757991636015 33.34749970900962
35.263348265551535 33.38119612436737
35.188071513920626 33.39781004918571
35.1635195334092 33.39774127652223
35.130924634962064 33.35158291691923
35.12334029585706 33.50131089585706
35.234026768715516 33.28667085917332
35.33647163655328 33.527267436553274
35.16106744604176 33.2886036939715
35.21030148922014 33.36613340028087
35.13807490615947 33.30396736662141
35.148626177121095 33.438476811807625
35.216589968246055 33.446542387908856
35.301104988353686 33.417874688353685
35.16221410881101 33.44533204304736
35.13985706763539 33.434052718821086
35.27190914965198 33.38980675906955
35.08899163637685 33.326857676743934
35.10617047164848 33.29577259770846
35.11809166422078 33.496062264220775
35.21896052551647 33.3322242844871
35.14483424130587 33.52280484130587
35.17703132974615 33.343055667289086
35.168818093652106 33.48100627776454
35.14770702688202 33.29292853286152
35.27489706859321 33.3058718519264
35.20850270236272 33.42214990236272
35.23394133119293 33.29376650326585
35.08964485240967 33.4259206924694
35.107478469099185 33.31864507904764
35.26368071965146 33.313600865865816
35.27239636185377 33.35566007428439
35.2323202972348 33.3856998519832
35.15141637901191 33.286275751519824
35.16836097617156 33.477814041208205
35.10639769347153 33.437997911699675
35.19859332789733 33.411071270671535
35.190425416983146 33.373423300751824
35.11126737861251 33.39916640839268
35.173206712966376 33.38943877655646
35.141138411103725 33.424085947137996
35.23216651796999 33.4088151693198
35.20012705755684 33.294282913346365
35.20933529178779 33.41455753438676
35.101869338864226 33.29921938483379
35.26290527059284 33.380769387034675
35.186431022974006 33.377226822974
35.11464240715262 33.41353808523359
35.22549069883825 33.41845929567596
35.21603099519935 33.4377015604754
35.2026142330027 33.39958279878645
35.229557361575495 33.454457301511425
35.1834876231963 33.32326677874847
35.27998630070765 33.34343980070765
35.16840050767211 33.42170284588442
35.2357765682064 33.46489966095837
35.206937728106666 33.320276392885006
35.19244799462279 33.311161242073425
35.209821212636236 33.38698138127588
35.10357959828195 33.32826570979252
35.15252649323655 33.39032910225343
35.11385002376814 33.432172514450585
35.22482093542187 33.32757028631983
35.2345311462772 33.46280853515735
35.146617867834046 33.330759949822166
35.23513099465183 33.46381571062415
35.21214604202455 33.42579324202455
35.18491168226666 33.339669329192496
35.21699197422848 33.447499533998304
35.264898607608664 33.382689569882366
35.18033194772086 33.37844251419997
35.2948207661734 33.3582742661734
35.195093890354286 33.40874109035429
35.175136668932836 33.39261986179966
35.1004652899476 33.38251484587385
35.24222328605178 33.32664202534856
35.17195127257008 33.50288653547796
35.2696710108755 33.3331245108755
35.18246212001213 33.38558905994755
35.11315246278896 33.42761706278896
35.14544395717243 33.4283451257875
35.1668887335315 33.4476904323997
35.14583656296311 33.42873350351582
35.195619504617184 33.480174704617184
35.09315665349003 33.30844536042865
35.121043898794724 33.30671741969383
35.19047122701039 33.35409728826919
35.180752694688714 33.3288761823958
35.22752369908686 33.45104268032894
35.221541449044366 33.299374646501505
35.211341438872154 33.442135826569434
35.16504179680662 33.415033638596704
35.21791434645583 33.40004851305108
35.21625435041322 33.291512328711484
35.21834253948796 33.46224053913303
35.28345640484744 33.46405988674778
35.12850982549143 33.37075250680512
35.12486814544451 33.41402412164854
35.13416857064034 33.41997829007349
35.09898307337533 33.41940180218919
35.16215510742151 33.434475945573794
35.214383714765745 33.28153471653694
35.13688203642272 33.26244506112325
35.12446727411591 33.37150931316465
35.173851991020754 33.38728812296163
35.12612627904969 33.32909062226089
35.22966300349185 33.45463467958048
35.224277829884436 33.468403961379416
35.27459056798544 33.41764514898686
35.28109716691264 33.44526475927932
35.23092351064192 33.40418235818437
35.16569095276274 33.40564041984941
35.227697921840324 33.36650795596944
35.24155091110269 33.289740723867546
35.088721817457504 33.41021694640513
35.23101416904203 33.404473757625794
35.202578479532555 33.29034801181613
35.27278893799358 33.29180128336275
35.17946835365488 33.2962016158072
35.28313568672493 33.48420291291988
35.18017228898208 33.324667952183496
35.20560849241813 33.412335677936056
35.204645506516094 33.28559564117819
35.09170013084106 33.302255725409836
35.15165823074213 33.44000650957015
35.20388429535929 33.46664020437645
35.19791432371192 33.39368891274956
35.201657532086884 33.31970582686865
35.18568990586365 33.36670240735959
35.14324100115082 33.39587378790534
35.15128841345038 33.303324570240655
35.26101116720865 33.39522988738964
35.126575018309914 33.4151168683033
35.205085610926304 33.42481737661647
35.13989278815713 33.36229574688642
35.22455982293952 33.32727992423874
35.22396754893072 33.44988670304492
34.89865806574656 33.089453865746556
35.25690875200097 33.40443280311739
35.130509910795766 33.332906261610276
35.218881488398814 33.400256421059524
35.261376138480955 33.39620880469637
35.15661142409166 33.36967015920237
35.28420981029969 33.38739588308334
35.164830406134655 33.302731183407815
35.26986255928764 33.28438020929024
35.16971975999835 33.42238670969895
35.104343869425726 33.29513966942572
35.20365688156833 33.466566763966604
35.12471959385836 33.35621524012921
35.186602863527945 33.40025006352794
35.1111488336638 33.2873187423578
35.1971804421071 33.41344464346015
35.225290007605004 33.45263899582419
35.197931871499904 33.41157907149991
35.238716588731734 33.46569467358886
35.15623663737159 33.29160514304484
35.27704963292437 33.35635136090368
35.0890338353004 33.45751509803874
35.17178229558117 33.33832730397259
35.09356741191406 33.333164606029214
35.22382633339686 33.43747353339686
35.152795554251895 33.361764307519486
35.09947052622728 33.307487208683604
35.27773336093169 33.41846663041822
35.16735355084968 33.44792493683151
35.229318832409014 33.454056799093216
35.16537353400323 33.370291149396685
35.234206455040635 33.46554655504064
35.093612625907554 33.49134562590755
35.27579258512961 33.3164233921418
35.160392907636485 33.353050259441005
35.243234121252456 33.28462292474032
35.171038234231965 33.3677581490892
35.22671029012914 33.46776513593111
35.30640792777322 33.476110902152975
35.14238705413607 33.34369415265083
35.159493392047 33.33709809217239
35.142104274731366 33.34333481570939
35.161847891158885 33.33809061724878
35.143689272897845 33.342799673647555
35.161493944731525 33.331201420361815
35.1423850428762 33.34369159687782
35.16404748569571 33.34012446544755
35.14351550547876 33.34338980896919
35.161833524691005 33.33806246239743
35.14329290594047 33.34126075983118
35.15732178658259 33.335319428542554
35.14431581618636 33.344194678346774
35.161789817279264 33.337976806292446
35.14349451018692 33.343423504764395
35.16201888891591 33.338425732078136
35.14250409509165 33.343842880381004
35.16031062694206 33.33776745224203
35.142574448515965 33.34272695878704
35.161342691326375 33.337100546042
35.142688629265415 33.34502583619436
35.16189772832197 33.33818828620476
35.14218374997654 33.343435807475565
35.16411306779302 33.34016177023132
35.14355242922171 33.34466904364484
35.16201981760198 33.339116338092175
35.14356782866496 33.34318088140003
35.1624554241978 33.33404042847088
35.14368572215836 33.34279751511972
35.16163518846226 33.33767377068239
35.14358965991165 33.344752361943314
35.16100183576606 33.340241565864666
35.143412781341326 33.3443565266381
35.16180066411393 33.33799806350197
35.14366951174121 33.343385087003604
35.15762311914418 33.3355662363889
35.142341451622954 33.34363620406153
35.161942258537906 33.332525178774105
35.14364934821553 33.34488593797767
35.16186598376536 33.338126074443295
35.14338169649026 33.344286962069106
35.16055481125511 33.337967452547666
35.14368052606283 33.344955710662276
35.163286836250926 33.33649538007781
35.143869545159866 33.34374835005466
35.160505812224905 33.337927319662406
35.14487971516767 33.34390828286291
35.162045046074404 33.338476993871595
35.143444211101695 33.344426863077196
35.16110289571878 33.340730924946214
35.14275087533652 33.344156472024956
35.16163622770872 33.33767580735763
35.144820316864994 33.34380581780695
35.161216168689066 33.33850914045248
35.143767032644625 33.34358093390045
35.16137902934684 33.33878314113062
35.14607766411998 33.34494777742588
35.16104456051443 33.340266119758525
35.14271696128322 33.34157630171297
35.16200965969491 33.33911011678208